452
1173
503
378
826
1267
1087
426
1475
339
419
922
1041
105
812
345
243
1350
137
1285
1083
289
1248
493
603
991
732
1107
300
340
581
154
1256
1147
669
1460
800
830
1168
76
224
1174
1269
1065
1362
845
1356
1416
804
920
537
1334
1209
1516
351
346
836
850
1518
27
306
909
334
1000
921
278
636
254
905
55
92
1293
1381
1369
8
639
140
531
1446
326
1481
857
214
707
1313
1353
149
1309
802
972
341
1254
271
1108
702
241
687
1228
376
1352
859
644
1281
273
432
1317
832
172
1047
793
1284
1059
162
89
1499
1301
946
359
901
46
746
264
1456
1210
267
82
1479
354
975
1249
1421
305
1088
806
1342
651
47
13
1072
31
441
1436
799
1121
1451
169
612
356
484
718
2
1224
329
1115
