2661
4619
2078
4370
4342
4215
4664
4447
1131
1331
3139
3916
476
5206
1619
3939
1870
771
3412
2695
4372
300
3512
1681
5162
3899
1431
391
28
3795
1344
4168
5000
3051
4057
707
3441
3447
363
3274
4624
2499
3955
1537
3826
5129
560
1375
12
2789
5212
2402
1295
4504
3141
4980
1606
4393
2744
54
5183
4242
150
2083
2215
4388
3893
2688
1663
4491
4888
794
94
3922
4657
1045
2813
4553
1335
5240
195
3553
3331
3975
1332
3362
1808
3567
4543
3120
5163
1722
792
4994
499
3494
2854
2532
4792
1868
727
485
3963
3162
4150
297
1250
4755
4805
3929
1759
2529
2719
994
4379
4881
5263
2826
991
5298
1183
3500
4017
5203
2460
3081
2547
3712
2092
2936
604
823
2382
5261
1736
4535
2678
2399
5297
2198
4155
2369
4649
514
2307
1396
1499
846
3257
4127
650
3675
1680
1173
4547
3520
3759
5028
3322
3379
229
3851
1050
612
4574
4716
4804
2150
637
1409
1829
3451
5120
3290
5102
636
492
2691
584
3045
5053
2362
3469
1097
3629
5326
3620
1876
1494
3940
3355
1891
2533
5065
4773
1724
654
458
2674
3689
1472
2038
3226
4895
5130
758
217
163
2225
4771
5141
5211
97
2659
2103
4381
4144
409
1373
4273
2102
189
1987
3547
3873
1052
3324
2787
3777
1586
4598
738
1059
558
4919
401
690
3402
3643
5131
4676
5087
271
1479
2628
5059
166
2677
3596
641
2317
4036
3635
4683
4250
1130
3024
525
67
2430
2758
3396
952
1192
5205
4944
3941
4437
2680
1611
2169
712
1330
5027
3166
1096
3919
4656
4335
2133
3055
3023
1956
2178
3762
3225
5255
1665
3765
140
3987
1309
3259
698
3289
5019
1545
2055
5279
413
1893
1826
594
243
1560
2088
1151
1549
824
2360
4797
3753
1851
1617
2111
2207
2484
872
20
5218
810
113
5074
5156
1266
3029
308
4341
4818
836
2354
1235
1205
964
819
2221
5190
1447
1436
3745
328
435
282
2998
5189
1215
1420
1807
564
2297
377
2723
2212
3080
1728
2268
2220
1136
1857
4575
3109
1904
577
385
1272
3088
3042
3229
5318
1262
2527
457
4034
4602
3461
348
3205
913
958
862
3000
5011
4205
4218
2849
548
4858
2058
2490
3
2470
4530
1245
3455
3192
4182
882
4424
907
5066
2917
2084
3464
2958
4754
2972
3585
55
70
1955
4704
5001
4157
1111
1088
3828
2306
3531
1276
4519
3237
1125
3453
3375
121
2266
4409
255
4431
2491
1861
3209
1510
2592
1585
3670
2957
76
68
136
4631
2411
3896
4116
2733
3720
953
1564
2156
4104
4457
647
3318
2275
4907
2502
3233
1995
705
3391
2245
2404
2591
1421
4440
2176
1140
703
3013
1706
1227
261
1947
2842
4768
2996
4855
3486
4623
1439
2098
1773
1659
1809
1962
5158
2180
1676
1084
2203
82
1175
1919
4744
587
622
1776
2328
4204
1650
3683
221
1675
1346
2742
1252
493
2020
1427
2021
1027
2298
2793
2280
1704
3985
1338
3898
1
3848
3353
2227
954
3786
4509
5049
3912
1032
438
1203
57
4435
2794
4060
