928
3541
3809
146
1944
1869
273
2534
3791
1469
871
2788
942
1701
2651
1030
3576
1297
2895
3744
121
1123
205
1695
197
1048
2033
3272
749
1313
2761
1914
3805
2784
1889
577
3880
3102
1399
211
563
3873
1594
1163
3594
1394
3498
2463
869
2120
1369
411
499
141
3069
943
3385
3302
436
1173
3625
2279
3780
819
399
1851
2423
3367
940
1974
2331
352
2789
676
2071
609
2717
307
2442
2904
937
3492
1492
3729
2641
3275
3596
1891
1595
1781
2520
697
3319
2839
1125
2649
46
3416
2508
832
228
2466
2205
1045
724
2771
2020
3920
2678
2546
2726
3267
1640
1642
3931
1526
1283
2158
3241
3900
3014
2054
1201
1106
2019
986
3848
1733
2750
2566
2946
2086
985
3481
2648
3633
1311
3022
448
1187
1923
3118
3221
2115
2812
1076
3316
3121
1939
3517
3196
2897
1075
17
1980
243
355
3090
3028
1079
236
3924
1690
337
1415
3444
3739
621
476
247
2944
486
2576
1151
2933
1226
2972
3152
1457
1296
680
3199
3871
1277
2217
524
1228
1661
2134
955
1231
2395
1805
2743
1589
9
3386
1466
1299
163
1102
2397
2734
1210
1262
3082
3273
3734
3662
3388
2467
3159
1141
187
3672
1395
2675
390
1545
3232
511
1564
1513
617
1356
1136
2532
2691
1882
3442
1844
1787
1348
1862
640
2659
2631
1831
3110
1159
2724
3357
48
2455
2963
2297
2509
1164
3543
389
3620
2160
481
743
3327
3914
1965
933
2863
1873
999
2890
2975
807
360
1316
1991
1476
3499
2177
3160
3937
484
304
2198
1757
10
2325
687
2079
1493
3717
2894
1105
1770
3821
1751
1166
1674
1326
970
1081
974
3687
1741
1304
1053
2081
3829
3225
2039
489
2221
375
2635
3415
368
2563
3002
815
1152
2570
2136
1964
2419
3502
213
715
1886
2195
2646
1953
1551
1186
1633
1549
2203
3891
2966
101
1239
1868
904
2962
2656
3798
2644
3334
2833
2749
460
2770
741
1979
3588
1222
3249
3031
2855
287
843
520
1306
2060
8
3562
3632
2002
3560
3053
1188
2859
673
1337
3445
171
3731
2807
2085
241
3777
2137
2937
0
512
1784
3533
3046
372
3664
1330
3823
59
1137
3568
3757
2949
2066
2728
1970
3579
1482
593
423
204
