1193
1961
3512
1355
4002
1536
1179
3994
1872
1878
3354
277
4635
3638
574
3208
1742
2925
2302
2015
4612
3861
4181
3749
1699
1451
3175
3955
4485
3939
55
879
216
2567
1918
1874
4652
1425
3954
3275
530
2014
4412
4580
1558
3941
372
22
1455
618
4247
2135
1942
2708
1049
2244
785
3478
62
2967
1015
812
263
3872
4231
4463
3764
896
3793
2897
2920
1426
3418
820
3583
4564
1251
4154
2489
4186
1551
4452
3140
2812
983
3312
4292
3601
2348
489
2383
620
3336
1434
1561
4321
3796
3885
136
169
2670
2776
1516
4405
3539
431
894
669
2096
1454
2418
2823
1327
1653
4382
3213
1225
3569
2218
798
2019
3364
1299
133
1871
1532
4128
4651
2450
2081
4527
593
1490
2373
3958
4363
1081
4556
1767
833
4471
3138
4422
1781
3298
4151
2623
3113
2146
455
3788
1990
3076
305
4553
2268
1595
4655
1206
4424
182
832
2172
269
4266
686
106
2429
1617
3453
301
3063
760
2138
2804
2488
4356
4101
1732
731
1211
3541
1357
2575
797
3000
2392
2574
1941
251
2001
1300
1291
3079
3582
3024
1821
129
3722
3555
4525
3933
2317
373
2168
458
1150
1120
3093
2065
2240
602
3964
3105
2169
4171
868
2476
2986
2008
1939
1286
890
2553
699
2506
3811
4668
692
2792
383
150
3278
2519
4049
972
4312
3477
309
3026
3702
170
2492
2808
4475
3171
168
3220
4373
1082
3091
1999
289
1208
3276
2052
3546
992
3532
441
4429
4526
1239
303
978
160
1392
1368
3871
991
822
2055
708
911
532
670
2580
178
104
2425
3682
1943
4672
3423
401
4418
3874
1351
3384
0
375
1761
1538
2036
1965
2152
2691
1110
4447
2447
40
188
569
2442
2982
8
4667
940
110
3558
2591
3123
176
326
4137
924
1185
587
738
2968
2850
2291
3509
955
1240
2216
3725
2934
2690
1006
3266
1678
763
3069
3800
689
2907
3787
4080
3259
3135
276
408
3179
79
2084
847
2697
1385
1920
2813
2028
4663
3468
3736
3721
3407
4608
83
659
451
1625
1932
1937
2143
2656
2882
141
1217
1253
1584
1436
316
4173
4265
1694
3560
642
1272
1967
3305
2439
2660
2299
1306
3653
4496
3737
3499
2202
3050
524
134
256
1946
233
3248
750
4601
974
791
2643
3318
419
3501
1055
3630
2327
3877
930
2754
181
875
234
837
382
73
2953
2822
3591
964
2264
3087
2040
2868
2175
1344
2331
1519
3681
1963
4498
2911
2576
467
3677
2315
1616
683
4113
1564
3413
3763
848
1794
795
2350
3599
4466
94
3157
3967
418
3960
64
613
4430
3943
3075
1449
4195
1556
3810
2844
4149
2139
2825
887
3562
