109324
107683
66493
66356
13072
38467
95061
170412
135024
377997
18690
20075
195376
3156
74209
176011
358052
148820
272848
105288
263675
74218
22992
140017
378016
107046
106989
111852
113218
4896
22714
165842
110435
74399
5618
74338
74178
288316
2547
74138
94936
117253
110981
95183
338170
351295
6102
74490
111331
77595
37204
2473
82445
118506
27686
271284
235234
348239
92962
366794
656424
74015
141953
4616
74164
117464
113207
155389
111922
195442
291505
272797
108281
113453
73952
74472
22394
215025
357930
69835
137825
27432
146923
41356
4614
113071
130971
113101
105068
74332
139821
23273
73957
511
111484
94906
163647
426619
421231
601303
74432
61462
424949
113249
101776
101650
27723
113307
2304
74390
113418
164543
366907
110812
115576
8434
179754
95686
10002
9340
88673
20837
11545
234300
149274
73940
108836
257656
143308
108412
313999
35464
113256
4348
74219
180821
116543
133929
106552
160799
12244
44085
74274
3900
357
74393
328208
143063
1922
93606
8008
377909
69978
107879
74284
116593
117550
82421
108360
78262
107043
306
113154
83365
74140
111996
112989
266777
296523
37596
421830
113279
33708
113319
195317
82103
104583
291523
188132
90346
138508
206771
93316
74233
113500
229612
112978
195613
143151
112870
175629
175762
487384
197510
175604
74169
75936
78447
133954
93053
267346
25307
527337
29975
322710
105473
73927
44013
43994
74352
30060
84872
200701
40291
148817
104543
437531
111883
2508
252866
281588
74294
74091
74037
170374
322861
271217
5907
63530
126560
11151
33165
147827
73938
139106
113184
1177
228892
366701
175829
26714
113477
113524
22788
105380
126564
163644
105632
1900
14115
113141
12473
74372
112987
19573
586758
10985
133941
33793
122532
74439
81055
377888
195335
195620
354103
354246
2423
74008
108154
377691
74307
106748
189387
77818
154
74060
113462
102609
74343
61391
33595
93999
403994
201250
163660
126111
110877
163130
2303
139206
113271
15825
202691
113380
171960
74018
350998
157685
288148
118731
22785
106260
133980
8476
270981
113145
20676
110292
5065
364387
112864
170341
87851
25681
191180
74154
22105
113353
52172
110586
113007
175695
74348
94247
184630
254386
354198
1070
151641
67444
253204
101497
278400
73943
133933
2777
127363
112920
113143
183845
72481
105675
234721
130011
426531
273647
4514
377946
265302
11932
147442
136959
115477
60607
58710
63148
74454
94234
280728
27423
171148
17349
74371
112910
170365
11192
316174
118687
97957
37354
25862
27493
70753
64090
74268
79892
116987
74468
6771
163387
226850
264194
30225
74349
2559
74300
74306
267797
148213
23804
3773
170420
74220
20429
92535
378023
33706
118541
421832
119789
44525
37180
38425
138466
366635
162139
78398
28074
113197
89875
161632
111352
278613
20328
1359
74211
110929
74116
105850
291507
316418
79403
69488
74422
47632
74101
35295
269300
37347
226801
113359
79216
47742
113352
277917
113160
119474
96966
104480
199356
144054
107239
348261
276683
390312
76598
74418
113431
265356
73947
113544
1249
191941
376886
272139
144077
200121
11304
170360
164530
96885
113269
105352
526643
113170
220956
4678
20906
68237
113153
113244
374583
113355
74166
63881
110557
366764
113337
74394
24263
74336
959
8850
920
2780
113210
108162
74095
5094
112080
62586
95349
107399
1970
113226
96552
74105
106584
113460
572
164558
293380
116426
108638
206893
287958
7443
201427
211431
104567
113114
74461
116226
163109
1991
155397
11012
105338
200161
109656
142652
453274
111565
104938
35371
471905
146935
1923
3179
74137
106076
358428
113316
265300
266856
171221
175479
111467
28001
113097
101737
139727
1886
529857
179454
284230
102880
74046
74442
79413
113189
104557
74435
113504
110213
93378
108507
74196
11893
6463
193419
74354
127234
120535
108661
113003
113527
88621
149743
112802
109994
278953
93952
105736
33784
112853
113034
118589
74193
70150
656082
100100
105628
271279
59930
408641
74388
63616
78074
175698
11365
22700
3479
143312
38434
228412
24090
106531
113543
21017
424758
164588
355726
5935
198696
195482
113122
149691
89912
109940
63995
12258
29003
104867
20796
276
206923
141826
2468
105193
77470
74356
149870
171473
74120
97028
517
94692
71186
26848
276292
74019
155236
74090
74062
169961
19253
20128
171217
5530
107309
157727
147651
17419
113126
4736
166999
138730
227160
171169
85525
134989
105614
12548
296420
74122
3010
73925
322774
126710
272374
193436
113499
104638
95653
116047
14606
110939
82317
21051
322946
7735
104555
3845
110466
95380
101624
37079
116640
263667
107215
322900
149768
74314
195051
71246
138592
73949
253193
240229
171787
177539
170407
20285
74447
235254
113248
6318
37364
73958
74160
123225
76693
106928
493270
2986
74170
104366
119299
11261
74142
27950
421845
206890
37334
193400
33773
137899
25755
278376
377821
47675
26601
322752
25039
113314
438654
133935
105683
37055
101458
112955
8580
11892
111657
22073
112178
10315
126852
107728
130022
113251
94044
112810
65880
137530
74026
191052
6737
30254
366789
88415
32236
316354
8866
73932
181384
32217
74044
270964
252316
112916
74016
170370
16475
8523
28422
74215
47547
104108
174761
9136
24804
278616
175779
2694
101657
195333
113532
113384
402169
74363
17373
30108
58389
152020
418868
116763
80205
151703
113382
278390
112782
5915
117058
119957
367203
272174
74329
112822
113402
17405
73928
295290
115284
22750
96693
63633
351230
383416
74384
157804
113510
3873
140059
74688
13501
171143
224234
4168
488979
74186
2408
4573
278449
149643
109077
110327
113140
6096
93150
122131
377951
201470
18466
113194
112896
36834
74370
74259
170242
659126
272794
22099
113253
74410
113205
161424
113036
263693
44296
96011
171292
26927
108075
376532
148824
7561
97055
23327
107821
113335
214997
113362
171289
73944
105206
113095
90343
111162
108110
144031
108132
171800
3949
33847
144395
74176
28070
113358
77635
247294
79683
58662
4422
296095
124741
286062
74486
322884
111867
111422
105603
418491
148208
15310
110250
175809
19979
123577
78059
5573
89598
4563
107836
175824
228800
74168
424946
74100
36713
27494
323007
157949
397187
73989
89769
109926
408877
27815
107066
74117
202662
112889
74234
377934
157631
115376
167858
61185
120202
276660
112809
60492
651133
23778
78094
3547
111268
59292
175592
113481
175692
74147
133953
316416
2390
437493
327531
315996
17822
163364
401884
105238
87030
77415
147682
603613
322845
74450
77911
113502
446882
238048
47628
278927
13188
220300
82314
8885
74014
1866
348296
118502
171780
106083
315936
25185
94697
170423
74161
110718
113260
111725
105767
6020
20373
316442
175708
142183
74030
61005
193433
105022
109674
2320
403940
106036
461308
74496
74427
170353
81640
110025
64777
110832
353891
63134
144908
374835
205089
158098
351303
2358
2050
74407
249
229515
113010
195320
111850
99679
113413
4921
168559
36844
78431
133922
95753
116985
20532
253056
166153
107345
113518
110846
1768
142325
371873
378009
47683
137363
113219
74443
113386
3877
191863
63918
74252
74337
185881
140045
112352
6699
38394
170394
94901
1024
60583
106471
113441
113052
20760
69857
74202
112963
138568
9390
22167
69260
345040
117092
5583
113120
60330
364259
377914
276661
116982
113073
252863
251711
270763
91403
113349
118788
296170
2595
73941
150829
120448
335133
74456
137330
106769
33768
94858
125540
452
33456
74056
113437
125129
90372
112838
655587
4521
794
33202
484750
171917
145384
74213
1244
95364
40157
109647
111914
104609
112873
77779
285917
316135
235219
115347
118490
25035
109318
6019
13029
143092
76429
74312
47716
77298
113424
126806
157803
111254
317673
348157
105110
113047
316094
12837
140328
154828
27248
195397
127747
113029
567112
105445
264508
193449
113496
120923
127267
423972
112958
214559
2538
1320
470
118878
135283
170366
158011
114042
93891
32554
1531
28067
118526
77299
5830
105425
18887
171291
71029
87268
112947
377998
105792
112888
279143
74360
222781
105229
393022
107358
43831
75385
279139
112967
198502
397168
160744
91036
160729
77680
101745
52662
18367
20860
109574
377881
57894
9097
42659
116542
112991
303347
12388
82425
77862
125553
118555
112833
77895
377954
23098
222909
106416
127937
74483
111680
12580
92437
116611
272536
96948
73961
92625
115690
136056
74258
87861
322322
171248
51846
113435
272456
103527
91241
28594
40358
377882
656084
113367
170401
112994
317326
109784
74283
113142
272319
16439
264746
176183
36952
278395
527338
112966
24508
247622
110080
107323
175787
143545
112946
4241
377929
9743
110994
655890
66360
215099
48488
480779
375160
104541
195440
113067
113066
408882
354281
210760
307398
415061
74200
174752
73988
393345
242332
144531
74331
74304
117027
112970
113038
4115
74497
74083
113168
165384
101817
377912
419741
727
74043
74210
235638
79555
73946
377849
143006
10599
602600
348120
73959
12577
175771
17216
171966
74125
267175
149702
122673
21220
228889
109111
83790
272486
348053
74459
322924
519
91084
121
77986
95452
20154
215290
307405
3406
60086
74005
4587
61560
59893
131358
26392
32262
74240
104613
380140
112922
106091
17714
461309
7283
74412
74151
21064
106705
113329
394168
9243
74190
286055
4548
191898
155238
27461
252937
113139
113080
237979
65526
118120
76473
143611
113406
293525
27902
107904
75046
152030
139194
54159
94332
248503
278380
74318
461312
345262
203335
408165
377991
316107
74063
112432
424951
74144
263081
62173
143060
160752
93303
122129
341280
369589
142300
263228
79273
79830
267771
77599
106442
108169
79928
103421
74042
20049
105169
461305
112944
74478
146850
97010
109047
195364
111192
102793
210467
155368
394169
113001
354242
139087
381009
93646
126567
112935
4517
78170
74104
291528
28944
74212
160653
316021
25830
70287
242900
112840
247293
175641
276212
74246
20354
419717
107370
1155
253241
74058
455
108544
62720
113123
113018
308148
437483
73974
73995
377905
112789
2541
74339
74205
109222
315789
244094
145586
60228
167686
97044
4936
79813
322925
115640
109141
110977
170362
172207
20483
2716
247597
113230
121295
272185
316339
127233
59969
90781
105912
226606
146980
11707
2653
109522
7695
113434
74402
74192
105366
266749
107394
48489
823
37329
189355
377915
74222
116970
23653
109345
74415
270783
8144
74359
167898
113281
158012
134060
113542
366767
77511
106475
113343
145029
112983
111076
105936
278462
140346
9336
432267
150834
253262
113275
354120
112885
104360
74136
175661
74495
15
264205
149671
101712
193875
109603
251586
93795
324639
108160
279530
117434
377835
5685
27359
155341
74185
160980
35566
368188
95762
314087
77530
38329
108078
140288
127149
74484
107084
109847
73931
378176
8706
107368
408763
69984
345263
108642
280733
111257
4532
74208
66384
22682
4564
111272
104097
2411
113158
107907
108065
23250
106302
47760
74236
6158
397193
87205
14785
73954
74334
92827
113538
74039
11039
37202
110934
266886
307425
272678
200718
336779
171225
104556
2500
21126
112796
2017
110288
2603
12862
74082
113348
147579
113238
178700
1019
118542
140009
66336
432263
269997
74271
163688
8142
189333
247130
107443
364155
118597
112811
112893
96680
91942
6476
70579
171088
111553
127255
113076
74131
113192
28151
113501
147886
113498
42567
74133
100112
117129
112956
1449
112829
36858
113322
581106
74006
155375
154880
112974
71290
80111
171303
3100
74464
4295
23357
104654
175658
109060
171240
234634
208370
348052
254871
133969
146303
20667
93249
21250
54114
109495
113350
212153
276649
1702
415001
113057
143694
79921
36548
118587
307403
74401
146515
188937
74317
171163
74254
113272
162327
118659
108531
169655
113075
234749
374624
171773
172021
112953
44207
97011
18386
45153
160233
41142
79673
151221
157072
20057
112945
134002
3991
2454
88459
106111
74141
110861
113188
49696
74223
113099
12355
107902
368156
114438
143643
93774
77456
74434
119965
170418
74395
110123
122094
86901
171782
113175
22874
73983
311
136710
171875
107228
263703
89844
20790
151730
26331
361822
430480
110397
7683
202659
30735
287952
109228
112930
110018
202973
74264
198663
122119
228890
112900
31751
47702
127701
74153
115617
113245
113037
2278
74315
73975
113072
110456
316131
151219
74385
207486
2550
112855
133950
197776
113374
272142
2662
151444
108315
108346
77958
25128
14184
4882
71643
118894
113450
74380
74488
93583
245560
111283
107294
107305
63476
111543
74092
146968
322951
22068
63990
25689
87853
74368
103507
2395
31990
140804
811
74076
115262
236052
109282
112938
72
2302
74157
118681
109245
94462
113430
13714
100827
2119
86912
107786
74175
111521
160259
278452
118535
322923
74097
113165
167586
193467
2703
139639
21062
164392
74165
17724
108050
213753
78271
17737
111311
112857
170385
110270
272568
74244
108147
272464
47714
409225
113465
2630
377926
74411
198448
108353
112969
20615
120712
171134
75010
116464
15756
107444
2474
74253
171254
79711
24110
139475
105514
357975
405936
74029
27414
74173
112801
151800
96493
305318
210771
114795
20193
114824
143510
112871
215234
17231
74123
76476
113247
151763
171301
2490
78373
109076
171779
378010
74183
97158
111534
108400
5829
112981
113513
160593
296171
248786
38539
106229
113308
128366
74302
74009
50600
103522
94983
58014
124909
93871
141839
322410
96919
77937
117067
102523
113383
39133
63715
171250
100367
74480
109112
122733
74184
113252
89626
44293
215241
109333
93729
77346
411966
110652
3220
155474
133992
74471
30888
137218
112715
112904
91375
231279
267
74428
107059
272528
94240
227163
23225
140927
322698
112851
186758
166832
267841
300933
113186
357958
186766
135470
47764
113428
33670
98105
113239
125548
377957
261855
113227
17867
107326
20042
112785
149360
79961
322892
113222
20911
58979
204926
118817
86264
112898
38031
313932
73956
74377
471839
171872
52460
215119
228895
74436
129872
157815
4155
136976
47756
112858
73982
51429
143253
271286
112844
104942
113456
247289
75912
419655
175797
116984
113250
181213
74114
68044
267786
422951
2725
111011
174758
243844
74201
308190
113131
175822
107259
14844
74351
178592
131760
60337
9063
77664
74369
48369
145922
338037
155369
74191
3749
109743
21196
73960
110394
118870
17795
150827
110102
112839
66358
104592
136636
2663
95425
130137
113468
20141
497004
170372
104554
117501
2708
114976
155613
27388
200779
187314
74073
2401
171191
105958
113243
1180
200284
6474
74291
95581
113048
120820
160210
366967
164560
112954
104535
111095
195568
20713
4555
109736
27319
33067
74437
280591
144665
111168
116845
109491
345424
810
13186
106986
866
366700
106881
353981
416078
74451
59971
25796
74118
73416
25568
127833
113528
113084
171085
287629
78613
44368
113684
113079
1071
74469
188459
107313
96922
37526
108834
11194
73986
47779
74397
23791
38535
179326
113370
112909
424944
2786
74194
113342
113328
73998
104539
92006
266821
74500
238046
74051
118801
105803
74414
113182
20235
118742
4185
74071
8170
419060
106134
108128
134012
106888
377827
73962
9885
95760
1948
79947
380568
17393
113529
113299
275724
112814
113345
113390
160216
1938
2583
105220
292264
420264
74386
2416
118709
322771
191361
106433
234641
105492
295915
2374
94027
74188
529454
149667
316334
35753
3622
171096
24036
348195
4063
71491
2318
377850
113204
77922
963
175672
74002
95373
111414
73993
27204
154435
74080
114773
2535
109703
107430
74424
191970
278436
138062
266837
206917
74389
4571
113002
254968
108618
113438
254001
73991
74272
77267
70067
6035
22684
74106
112880
148225
20426
118695
74405
2707
11810
107381
113448
113284
19186
60993
27533
118866
78382
449626
113206
110137
148571
74460
210928
95122
62568
134033
314938
57864
43949
234752
2890
105484
113152
171914
276635
129365
31757
74203
11953
430189
74010
73967
109012
114403
74055
6647
33689
92610
78281
269932
151880
288648
112950
21579
113388
37702
174740
340758
7791
422732
73980
111201
143146
113440
151143
75408
112984
171892
226767
86240
170384
397984
18614
107332
14625
83090
280865
40565
21303
89608
96937
206922
2279
22088
106132
105201
33647
74084
210756
105198
33801
252980
143319
163377
109418
391885
74032
94623
20587
377841
353969
2477
108092
377980
107395
2499
120991
118627
5827
113444
272718
393007
118529
19763
257445
18972
210868
81454
110104
104344
74416
89892
141110
113317
377935
96518
175729
93735
136706
78784
73987
108291
118827
137459
20487
1999
447964
74457
89733
95172
22434
23209
377899
74012
171798
107304
74376
171246
253232
49873
168444
91950
22860
33788
78452
158408
296096
8019
462
149884
108011
115019
266864
1969
108943
204263
109984
72987
229045
111475
364152
7495
191808
153988
4643
110591
113187
15248
113381
137470
101456
98785
1588
134001
74257
20134
29504
105923
115857
2528
74298
101521
14194
264748
74064
377979
57530
375164
99798
37353
109484
113536
73970
110524
137335
74143
2434
9605
116560
391601
73656
74182
171853
424950
108114
14070
113309
377927
351301
272795
112859
44722
417013
8001
28084
60923
105508
27415
94297
47753
154859
195429
74081
113195
117104
77480
247303
18879
106942
281492
2523
4552
415248
4690
96929
74270
113494
206885
143684
36732
403358
111317
140812
192106
29528
74353
3777
143087
101782
419474
26904
157864
109042
74309
74423
113472
453924
5502
224235
113110
140315
74440
74127
62270
30134
106479
149670
93477
112988
112952
308133
111354
58617
118764
74099
75021
2286
23115
78263
272825
74231
280056
171090
19555
113394
74224
109084
108229
260635
133970
70134
377880
147973
113051
113507
253105
205144
122705
109545
339790
74438
171253
210881
117510
113183
74320
74293
43321
35510
133965
100562
121057
66335
8745
133999
38406
74398
118787
38199
13986
74690
38230
113512
112804
149821
77707
143397
190322
355754
8459
74172
157676
74445
106736
113445
148232
23108
113368
3928
21219
81499
74156
61408
468928
74280
212157
62635
5825
91266
170419
280951
78648
6199
16275
424945
74239
74035
471602
5036
193401
74452
113371
68012
206901
9332
471823
486215
73930
73937
127186
133990
391251
24174
74477
31785
258223
59499
74107
269290
390461
5716
74444
108923
171776
10553
88605
204240
74487
104975
2798
272548
407479
113414
157983
377930
378253
7794
69834
106041
113311
87868
106202
31299
106130
2544
94446
108297
3657
106141
164536
74426
105071
110422
377950
397047
322926
171218
18553
94706
74263
74421
195314
73984
113017
146835
21886
28979
247286
377829
111176
113216
74149
113392
30698
78518
179289
37861
74048
130145
74020
96527
3836
116466
110202
74392
377968
154749
112899
113085
118564
74228
2564
109342
96678
47611
134016
108355
2317
88879
1603
52181
195545
113318
272350
234651
9357
109673
113156
74078
260740
481983
74379
453327
59958
112836
171863
74050
29927
645203
74061
171321
40
87018
2465
119340
5988
101814
377949
21319
2711
171234
106714
112962
117500
120412
74086
151798
71512
117313
106561
247073
405236
117484
375144
9348
63650
113470
119770
106393
35599
74305
422787
118571
77531
74297
161977
73929
73934
375174
117089
112837
275
61315
77601
147638
4221
2489
353254
76172
88014
142204
242266
52314
208817
137910
112069
91173
134019
377924
74286
113290
347116
108159
74110
206938
20985
126460
9553
59756
8988
73933
113046
118581
113306
20804
113534
165639
113199
62983
58192
113241
271282
133991
106403
113421
481043
108374
353963
113133
107684
96964
113626
47637
21148
113447
171795
113231
193448
222206
74330
110793
133931
2580
300231
22176
140619
115147
108037
108186
2312
63766
138263
79963
206904
471790
50519
6656
22808
106957
354283
148592
105076
397149
355620
18372
113265
74126
78051
4195
210892
18106
115033
6372
113159
23140
2702
74301
73985
651129
74431
76608
44522
74364
73918
112895
74373
110777
136917
316015
106238
291533
93492
112959
110366
495725
124962
138380
113426
271274
242488
467660
348010
146673
89584
96524
112995
128455
119393
4580
266635
101862
175999
20604
215008
71088
291495
171156
323713
372751
74237
111569
104379
247297
2431
250651
95462
109061
175724
191822
113044
74382
108508
81827
31340
91114
74273
272640
117014
113396
8365
223371
106803
47726
316010
148175
2287
171108
316071
278926
16301
74159
74262
1219
113423
108441
171810
74096
44337
353980
355717
280682
146837
208388
119935
87869
348321
353964
369588
113146
109367
77245
53837
17876
161807
73997
91849
134983
122792
123645
109478
113025
102916
74049
228893
74323
76840
159606
112776
422261
37307
60610
137855
96933
5473
92012
117511
101932
43940
17181
113545
109259
2041
74455
105667
78146
22425
104563
244488
113242
73968
11351
15559
74243
536154
281419
114452
24747
74346
113115
64018
117004
74413
2526
22737
94416
134509
253367
3670
107071
9813
109552
61548
66346
149249
982
113119
72520
77608
74066
2560
3901
139403
161811
27437
73996
29533
112151
107466
93291
73942
349220
22999
171212
93480
175821
47701
74057
28110
118896
2682
78517
79631
272607
267167
242
228905
14881
74121
127865
112846
144923
78583
104495
4981
372049
148201
6028
74232
731
68060
175801
22959
137833
112535
131082
133937
52988
113446
265316
9059
279007
24092
42977
74088
112977
264201
8879
249664
139962
95527
990
113391
4919
2769
113433
112931
36006
38338
106316
15535
22866
171168
113273
137739
58031
278951
265473
74316
171947
113305
112823
113191
3569
4599
375113
135446
63810
2480
171789
316154
106897
26949
340463
112775
274290
39439
7828
175639
27456
73939
5843
20710
74077
90998
5702
74951
106390
347170
73977
16385
215001
73945
349421
113422
113315
89721
376773
424955
51608
229924
95548
74150
110101
656097
110589
111546
220136
113089
74285
2430
181377
286023
9074
366779
347121
63360
84481
104644
4079
106143
108402
390735
68028
108665
110348
21214
171898
36741
137865
24348
77889
19989
390699
120703
104540
258723
37166
1709
74003
20322
10763
211442
92318
2486
38381
91089
140030
137939
111982
97046
73992
191910
135244
77144
5883
107040
13772
27368
37610
106245
74111
113312
126551
151037
73972
127285
419147
2757
2635
169342
171827
2775
119760
108325
111297
61519
197570
6225
8036
316293
107985
18851
112985
116969
72593
2006
74000
53108
476366
110783
112908
107225
193463
74313
139735
15160
6931
170357
170417
310455
117085
104698
106436
25592
74040
177415
146227
175760
530310
113177
255327
112890
280472
20727
112123
109412
188458
9325
18563
74430
246368
3153
74180
23088
74361
368168
74187
7823
365355
162051
85245
63620
179776
122670
109931
74494
112842
2368
272489
113540
74383
103299
210198
81758
73990
49531
17282
113059
582929
113163
78303
74276
157711
74162
231612
113452
137316
19198
73971
153247
104558
74171
112968
62352
73926
656129
79349
106306
113398
353942
130312
30253
139382
143387
25857
4324
291530
24284
353859
79590
264749
105133
89793
22409
181462
171238
112872
353996
74217
74292
272435
92523
26001
74241
111150
74475
54158
295907
262764
109920
191321
74467
272166
95878
110920
179919
60082
78356
113121
247292
222814
74024
84977
112942
108657
17887
49162
74227
74052
110884
397177
20969
5694
113028
93927
378020
138028
74089
116963
111101
74295
112826
104538
4509
272816
94954
74225
95345
113478
109449
112960
155271
253197
113144
74476
110172
113346
113086
111435
117460
108445
5022
74362
133938
2341
30033
491453
187892
193399
349371
80139
113427
149626
651039
147644
151754
96688
113287
3977
449401
2533
73999
170596
121214
113479
111690
251787
655772
117306
171313
113208
74275
113461
129900
1934
117040
113147
74375
136930
12683
562126
28976
656376
74499
4534
84949
7908
377890
74489
208617
366860
74322
98737
210948
32123
11949
195357
151757
277167
116980
107422
348241
106007
106145
74068
134023
2642
39184
266736
74197
35416
19410
9543
158710
475669
357964
113397
113060
13738
181739
93765
175728
44032
108878
113213
113202
113508
165554
113178
60522
74027
655575
368151
175741
377902
79965
165924
74229
421399
95393
166978
74007
107732
97017
266640
110637
73979
215207
113412
47425
160642
21093
104691
74391
74473
74344
21021
112860
377916
4703
184690
133957
155424
74146
74378
167591
74449
8719
43913
113176
74357
113233
227173
93825
117433
401980
74139
206920
7682
74247
82456
77758
153218
74179
74358
105567
111406
97390
419102
74267
60444
437229
234743
252927
322937
154934
70323
185244
205061
74419
74374
21162
296263
107411
133944
107418
171239
66988
155690
118815
453444
188456
21137
73953
142051
108091
170766
74290
149900
6663
21204
31476
112990
263671
112425
107336
111182
4708
264195
74034
2554
118860
170671
376813
74479
6441
111678
5873
74145
98189
104102
109824
235231
133975
74067
210
20568
322995
397257
9626
74115
114396
78454
27641
111355
18173
74485
93759
110390
74028
144927
108231
27247
189873
63606
406078
20108
105410
176048
467687
142279
163168
8721
111320
319813
252899
148696
151603
349374
206174
25223
105761
36947
113517
38414
82722
102736
96942
120111
212968
59954
155158
5739
97809
23816
74204
430199
112901
400725
38785
108073
118609
74249
171830
377889
38295
22899
79275
271709
377913
128095
112274
74324
74155
19100
78895
107453
426620
47612
105187
2715
112973
140672
109828
198374
176983
74311
60609
419446
253157
29580
195402
4396
112883
241034
118758
171944
372731
74333
146946
93287
74278
305177
110678
405448
112799
401063
208410
26802
2984
8831
74347
11814
316167
33713
272296
74195
77334
74493
91449
95217
3278
113091
278374
6751
74238
160646
272032
19995
112928
331138
74174
118520
108835
82313
111245
107601
20169
376540
171282
107271
276643
106958
76366
126912
20766
185468
110225
485780
424943
288046
28925
120161
55760
68049
418779
70414
348071
112792
111564
105337
94579
27416
567561
74289
113215
4575
20586
95324
107900
157665
74158
110830
338559
16695
2529
15786
195504
113466
82450
2597
112996
141855
85016
113074
137028
107435
219320
74492
111464
74400
326699
38311
171833
112783
79501
77481
142038
291519
141698
74074
430191
171870
277028
193430
115568
97994
212967
74446
132049
113103
113522
137245
23397
93525
6330
655500
109714
348322
195186
148833
113582
128648
355742
19242
136901
164528
272344
37069
118650
106116
18245
74287
93590
107479
21473
278447
81721
77310
93668
155366
96512
109907
147556
148581
1272
53234
322906
348190
183730
195430
104857
228926
110869
155237
355721
74054
172827
96523
167290
104651
104933
74406
148030
206906
171849
2720
428071
155476
291
2654
62423
113014
99646
76224
87172
110363
115167
147463
109802
90536
328150
265258
110843
20438
116193
24465
82416
171091
38286
85857
74335
105466
29356
375177
11287
322823
91536
108636
74404
105540
139608
112780
117068
110135
21632
153632
155383
367199
101444
96700
322839
95041
341777
126965
2626
20533
74255
15834
112879
41349
68016
74465
195475
74036
118582
113432
366864
112749
60261
4674
46787
139378
109952
87206
109290
68
316017
126915
1896
376
74266
112819
158116
113263
4950
78477
101825
148493
316188
74245
118546
113185
76334
15262
105845
73955
74251
4682
163649
264200
74148
2429
118552
146606
272384
74408
113495
84863
104348
115277
74482
101935
397978
278398
110295
133993
74340
113180
73356
93250
15326
112619
74296
113254
374794
70162
74094
149848
52864
420433
342422
36824
112937
48653
385005
12016
113013
74109
145389
127197
20658
102586
129910
10954
22143
195074
140292
84867
11817
4585
310956
74124
95577
171293
21292
355741
74113
90587
140680
74458
266608
74466
74265
112979
92533
195499
70730
74288
206927
25768
113503
116169
113363
76565
113289
115841
129732
225759
95688
113403
96718
59870
94320
113240
286026
105747
113295
195624
74269
113442
105289
235253
138526
272071
112863
113113
113069
159540
171264
113232
164689
121344
104355
112788
25599
68238
114331
73936
419055
218094
67747
373078
115278
341276
140272
113258
113300
11335
104622
74365
63151
73965
94167
413905
148535
113108
377965
4535
50488
112808
123886
20506
110228
170369
113533
110467
222863
247298
74342
90932
2498
400782
112613
20729
466
316374
13025
113016
48787
3734
313338
103932
32912
195302
106604
74367
112790
4777
189366
81945
1696
74093
468392
78067
254466
10264
108832
104624
111290
186689
113063
322868
19001
9193
133947
147449
131897
78976
118662
108670
249231
93479
200086
25170
166358
215327
44993
105705
113174
110306
78396
11274
51228
94482
108072
2406
120938
601390
23612
3251
296208
881
105961
322963
4957
279317
111169
107917
15231
78488
74207
107899
109296
357960
111995
30346
1840
478123
74453
95210
29313
112412
263748
18519
74031
147912
521551
377872
79586
38554
113053
112824
322721
286016
305
195561
116206
111726
73948
60602
113471
47719
109924
267140
74004
2459
471837
108084
74425
74261
51698
113167
112753
475113
112832
111265
113094
113277
35976
102514
2246
6965
157899
111854
113161
42413
171086
129954
124027
116600
170389
33636
18888
369374
163685
106348
113274
315940
109239
113148
9695
12504
272064
461311
252841
74025
366637
107235
112903
111892
157792
316193
74491
78626
74045
118757
247295
30777
136732
77994
2762
78144
119416
118586
442
119234
773
112795
93824
33168
113482
144265
113505
74481
174069
112194
316152
530490
74221
234711
636317
210069
2599
112992
74087
5711
118786
171864
128277
60207
266517
93141
118763
419158
4891
74319
74033
137228
148836
11861
136946
123165
35722
108527
4276
118644
106151
171929
655451
164428
37031
92325
22257
125702
148370
106886
113330
108416
347163
112818
23670
60615
146921
272688
175623
171846
171136
267172
4579
96716
106702
2363
54629
113221
113407
113055
191669
167747
271655
74072
266768
74130
232688
1309
111224
36709
108256
280671
170214
316362
74277
105782
112915
13594
10845
75026
175633
316030
171862
113032
171181
112887
113385
74022
160167
392822
161254
171106
113514
6409
12612
104387
171868
21171
13040
147550
14820
377976
4191
55540
158139
116863
66377
234632
6690
60166
113344
271291
227174
112193
172138
113181
67923
171165
37296
221940
253091
17710
104376
92015
74134
121340
77670
124957
107710
113132
17723
155686
105423
47660
74420
107576
78352
101640
167675
348181
110973
74310
118717
118841
74216
110014
113491
106410
120042
77300
96947
113104
22731
60995
9532
95419
377845
74248
296010
111066
74152
17293
74433
13659
74326
564196
69947
104135
154347
116326
24695
257650
108564
142447
17717
74429
67981
252902
192815
217825
117019
197503
74250
104302
127789
43849
74327
113172
113417
33591
74345
33890
78360
112196
155374
252832
37441
171210
112805
47706
104544
388144
377969
137217
116825
152308
78009
253220
77307
74242
108063
354195
74281
8917
74299
111508
109310
376734
67950
139360
5768
109929
93505
8984
175647
61023
155516
322943
184030
74206
300566
222866
191918
19170
74102
237443
376512
31545
59560
107044
113480
129883
60142
109331
234669
74001
96997
106423
37301
112794
113056
376363
193416
113419
29505
50560
11322
5235
655585
74403
111138
27211
74108
450832
236810
11906
111209
106735
146402
77600
20475
74448
421831
47704
9669
29001
113463
272835
105658
8016
74011
170340
113372
113340
3684
147840
272648
57521
47795
22882
171922
3633
108717
8387
2450
116996
111575
15091
140495
5550
76383
172476
2329
420732
137220
171804
278413
69180
619063
74366
126142
267801
316004
26874
119049
370072
74303
117025
112932
79563
175739
481980
159916
3614
171141
19817
113262
271239
272675
59961
112571
21593
208841
7371
257648
74103
21633
113492
95362
