1798228
168
3672146
1157331
14823
1799845
9733
401
2684344
1056665
2410636
6262
2684520
1964778
947883
971699
2410665
1799296
1798182
1798844
1311675
1799852
140
12062
4952
2410545
195
1311773
1798372
2410616
563271
5293
391998
190
1798834
1799787
1800037
947705
1798768
2364
2413
339417
3243
1798304
1799943
8643
950379
1798848
1977449
1798743
6056
1312207
1983255
4720
1798288
1798685
1799816
1667631
9413
1798850
432993
2242
1798632
392
1799846
1798197
2684504
12105
657
1800005
340
5291
1799811
4013084
3810157
816945
2684671
1798324
2410537
15086
1798779
7108
177
2684429
6024
2410650
1798326
450
13290
2684689
5596
3648
3155
951330
1312137
2834717
465
287
15313
2410735
1964763
3204145
5996
1977439
8635
1799850
1798666
1798243
1798180
2684228
1983250
2410632
6668
1799455
359295
2684418
3666662
947865
8629
11970
1798582
1798693
1798476
3506729
3655
2411043
10171
14497
1798330
3646
1798391
1798833
1755474
1798571
14612
13661
2684199
1798547
2684244
4913
310725
606
8654
1799822
1071909
2684323
4053
2410646
2410583
1799896
1798448
2684694
14312
4013098
2684469
2410530
3920345
166
11820
1798465
1799293
1798325
4012970
3399721
7925
1798796
1798687
1983272
1800021
2683981
634
1798597
3831987
1755476
3506742
1798347
1798380
2684508
1798763
1310390
2164
8657
9735
2410637
2410529
2410551
2350
14856
1977422
1462132
1798537
1800059
972080
1799801
159
1312213
2406
2684263
3112911
1798787
1798411
1983277
1798260
1798460
2684211
11971
4071
563281
1798444
1798406
1799930
213
1799854
2410520
2119
1984880
2684264
2283
1798223
9043
2684683
1798734
1798285
2365
2684252
5011
563292
669
119
2204
595670
1977451
1799954
5305
1798415
9533
1986
2737453
1800047
1798482
5346
2410608
12070
1798397
1798760
1964735
1799791
1798616
1798885
7900
3204122
1311678
1800007
1709087
1798535
818936
1798488
1798712
1964732
6666
1798454
1799993
1800054
1983264
1536057
2684719
2684663
5756
179
2684594
1800326
2312
1311680
1798702
1799832
1977450
14480
4718
570
1800055
1798578
136
1799858
4087
1798334
2410711
2684420
1799962
2684242
1798392
2684198
2151
1799927
1799789
607
14671
2684356
1799800
1799981
185
3399719
4013088
1798810
1310438
1311685
571
7037
9296
2410617
2410560
947709
2410577
2333
11967
2410550
4032
1798522
1798559
2170053
1964634
950810
2684589
1798344
1798388
1798655
2410669
1964765
4727
117
576
1150918
2154
3399702
7956
2804
2684510
1800049
2684711
1798943
1798227
1799819
2684339
612
1798232
2684546
1977426
1799859
3601
14221
1798581
3656
1361511
1759615
14825
1798776
12108
3622
5368
1798458
614
3204083
2684237
621
2684756
1800360
817890
1798836
1798940
2684204
289
2834722
5001
7918
1798667
646
2357
3506746
2410570
1983257
1157319
2410661
1071910
590
2684250
1800029
1798390
3506733
2684534
5360
2684554
1798531
2684233
286
1311674
1684556
1798188
1798566
1798569
1798455
14504
2281
5997
1798953
2684452
2417
11983
1800042
2684467
1799779
2684662
4017
584805
3594338
120
2095
4011
2410544
1798538
3399700
1799780
171
2684407
2684529
3594340
2684690
157
161
5393
145
2684517
623
2160
2684321
3112889
1798711
1798473
3107241
2684370
2684435
1798346
11605
2411041
2083
2410881
1582180
2834724
1799286
2684464
1798190
4005
4106
4997
1311322
3204125
1798945
1798599
2357666
2410660
1798395
14489
1799835
1798202
1799721
521
2410700
1964748
2278708
2684423
2117363
1799834
3204118
2684238
620
2834713
1970
1799989
2878391
1799994
2410701
4080
13289
10173
1798619
1977407
1798342
1798709
2684462
1964733
7914
1798244
2411046
5010
8540
1983232
1798204
1798780
2684206
2191
2894513
3649
4007
4724
2410527
2684289
1798315
3456920
2684706
4060
1798293
1798457
1798952
3956339
1798676
2361
1964752
12938
4013102
1798651
1755472
1311690
2410638
3719
947881
2684398
1798208
2410603
1798722
2410678
1799938
2684692
8614
2684268
2684590
1759620
2367284
947891
1312206
2410673
2207
2684623
2299
12872
367
5014
1798464
2684740
1310415
1071912
5016
2317
2410694
1799893
2172
2000
2684670
1798271
2684365
1984
148
1798707
4016
15065
2410580
7107
1799771
1800014
1799953
1798815
3107239
3204068
130
1798934
3204134
947893
2684574
1799792
1800019
1798436
2684368
2684379
14182
1798494
2684698
818935
2173
3616
1798348
2684490
1977425
2303
1977433
2684621
1798185
2684547
2410522
2834716
2684360
1800065
2370
4013083
1311325
6034
6023
1800016
1798206
14140
1755454
14361
2684551
1798791
1798627
3594342
1583854
1798490
2684294
1798852
9417
1798644
1800004
2684482
1798856
2410702
1798491
2410680
1464264
2684410
3204070
3574
2367
126
1899405
1798340
1977434
948482
1798708
13341
2684389
2684675
1311677
1798209
1964721
664581
1977446
1799830
1667630
2088
3162
1798634
1798656
1799865
1799847
14141
1798747
3506737
2684247
202
357
1799793
1056982
1799790
1798328
6037
2410670
2684628
2410662
2684285
2130
1799795
1800355
2157
216
2267699
6380
4073
556
8549
2684309
1798189
1798753
1798596
2410585
4801
1798741
1798878
3204073
2168
1799861
640
2684232
2684536
3204124
290
8652
1798552
1798515
9759
394
625
2684558
2352
1799299
1798717
8588
2684640
9762
1799915
1798281
1800062
3204112
1798245
11965
1798405
1798840
2684341
8552
1798740
342351
3666635
14492
1798800
9424
11754
1798641
1800039
1798817
1798959
1899403
14859
2684570
1798640
2684216
1964655
1798412
1798453
2684707
4107
2201
9695
11968
563277
557374
2496584
2684543
1799995
1799998
2410710
2113
2411047
6020
1798799
1798561
2410656
1798221
1964772
8535
3204102
2410523
1985
2197
2684397
1798589
1799894
1799323
1799987
15052
6245
4721
14336
3399718
10573
3107240
1798268
1798732
1798413
1798297
1977447
6616
2410977
3516500
2684705
1798604
15392
1798459
2684693
1798548
2410
1799949
6009
1964767
2410687
1811969
1977452
1798662
465655
1799968
561131
2155
672648
3399712
4995
1798665
1798355
1799281
1798425
2029
1798629
1798433
2834686
2410648
5329
2684472
5634
1311688
2684333
14080
2684383
2410691
2684586
3506713
121
2684399
2395369
201
1798294
154
2684179
1798480
1798498
1964745
1798587
1800030
2756
2684686
1798247
10614
2212
2684561
1361509
2181
11666
1983189
2684455
1798874
558
1798284
2140
2684307
1798820
2796
1798942
1798280
3659
1798613
2142
1798650
1798809
2684300
202242
2410769
1798534
6382
2684290
1798880
1799668
1738234
116
2684414
2410624
1798671
1798470
1800357
7276
1798543
2410912
2410562
11183
3604
14473
14591
2410994
2410569
2684214
1798625
1799452
3594343
593342
1798802
8632
1755450
1798192
1798924
1310504
2410620
7281
1798296
2411044
1462131
2780
1799788
2233
1798442
5303
14624
1798570
1799982
1408454
4078
1799297
288
6351
1310571
1310585
1798884
1799972
1798214
2684456
155
1963
659
8591
1799667
1800043
3036449
2159
2410516
4052
1964773
4817
1312200
2684270
2199
1798466
2834680
1508432
2834729
2091
1600143
1799988
1968
6359
4012971
2684580
1799288
1956
1312208
1798751
287131
5321
6684
2684732
6247
1310959
10609
1798615
1798396
2684315
1964769
1800002
2684319
1799831
2684377
1798265
1798509
1964750
2684624
416683
1799814
1977435
14499
1798421
1798592
123
14172
1798721
2834685
2684733
1799935
1799932
736549
4837
1799917
3608
1798303
1798879
1798956
2150
5340
1800012
969474
2684409
143
1798500
2410716
2684660
3685072
2410627
1800362
596393
13599
3204149
583
7114
2684037
2834718
1311691
540
1799454
671
653
2684317
2799
4076
13613
9751
1983260
1798586
2410643
563283
607660
1464256
1798819
2684475
1798853
2041
2410635
3112891
2684438
2684545
1798658
1798925
2009
2170051
1311389
2684401
2162
1799812
3112905
1964755
2410536
2684608
1798270
3399722
1798506
2808352
5030
1800001
2684378
1799820
1798233
1798746
1311406
6663
674187
14370
2684304
589993
1964731
2410566
2684502
1798792
560
1984696
1799295
1361503
3506752
10408
2684553
10699
3204095
3112897
8640
1798835
12170
1964757
1798749
1798419
1800356
3204098
1798422
2410538
669093
2684541
1798822
2410707
590747
1182847
2684385
9530
2684195
12169
1800061
3159
1798657
7028
12937
15456
1798431
5751
2410613
1798520
3204076
7910
1798785
1798368
125
1798401
1977408
2684556
1800038
664
1536008
1798846
2188
2410663
1798333
587190
2367291
342364
1798784
9405
5000
2410729
549
294
2134
2684473
1535992
2324
1798263
1798237
2410689
1800354
2194
2496582
1798298
1799991
5331
3399715
1799837
1798690
1977416
199
5297
1798295
1798331
2237
3112915
1798960
2410653
9758
3588
1798781
2684457
2684251
1799963
1799899
1311694
724974
2684284
2431
1798404
2189
9586
972077
2136
5749
2684700
1799851
1991
1798194
597671
2410555
1798362
3822
10610
1798733
1798414
1798525
2218
3569
2410659
582
1361896
11181
14531
6243
2410609
285276
1800009
2410679
550793
416099
1964743
2132
1210599
1798673
563298
3112912
1798764
1798771
3112918
1799992
662407
1798937
2347
184
4055
1977387
1799758
1798430
599
3721689
1799947
2684503
1797987
2684308
3112896
1799844
2209
1798193
2410837
2684463
416690
2684668
1798608
1798486
1798445
3107242
1312222
8612
2684364
2684723
1798002
1798314
2834712
2406081
1800051
1798827
2684227
165
163
3204128
1798565
1798276
2144
1684558
1755484
3904204
7112
3554
1983258
1755477
5366
4723
1798394
2684234
3204130
1799285
2170064
3684993
1799869
3112903
1798350
419503
1799925
1798759
1983242
2410675
1798475
3112900
5752
2684483
565
6613
1899401
1798668
2410514
2684213
2897238
1989
3685059
1535993
3684987
1799997
1800000
3506723
2684758
3204111
5408
1798450
1798636
2213
1798761
1798605
3988671
3657
1798705
2410763
1798264
2028
2794
1798292
1798446
339478
947348
335
2684243
2410658
14834
1798795
380
1798939
2575
1583159
1988
2170
5365
1798203
2555
6354
6005
1798847
1150812
124
605
2684200
118
2684512
2170054
1799856
2410674
6256
5007
12117
358
1535995
1311296
1798521
1983227
3562
1798456
1798508
1150920
2410649
1798503
1798783
618
1798661
4047
1056949
5518
192
596
2684328
2684696
1798623
1799783
1535994
1977424
1798674
2684725
11816
9752
3969616
1798723
7031
607668
1798756
1798327
667
2075
1798652
4707
1310827
7924
193
3204113
12065
2410645
2684720
8967
1977415
1977440
2410697
1056887
1798585
2410556
2543101
156
4951
2684652
2684465
137
2292
2410557
14310
1797998
1798423
1798349
5015
4014
2410654
1799970
2410594
1798564
1983215
648
1798519
1983240
1964758
2684392
3644277
2410513
1798736
2684710
2684180
1798826
1990
1798927
5301
277342
2684642
1536039
1798320
1798679
2684390
594735
3506730
1311692
1798418
343
2410615
2410517
3112910
1799842
1964760
3861250
1798974
1798626
1800008
2003
1798550
2684598
1798283
1798757
1799833
2151979
736564
642
2410682
2793
1798606
13614
1798951
285287
1798240
1798845
1798305
1798229
14677
3506731
14566
2410546
3644279
1798278
420239
1798267
219
1798716
3506704
4990
5359
3506712
393791
1536024
2410733
912154
1798329
5330
949387
1312209
2583
2684197
1667628
1798317
1798936
1798729
1798238
1799823
9728
1798714
1797984
1798622
13292
2410578
2684656
6029
1798664
2684296
1798558
1798218
2186
972079
1798950
1798941
2684511
1800053
2684647
14180
2684301
1983188
3112907
442996
2684393
591527
2320
1798745
4103
2410553
1150921
7943
2430
8615
1536007
1312217
1798199
1798790
383353
3672144
2105
2169
2410667
4110
13662
1999
2176
1798630
1798310
2106
1799849
4015
1798360
1983256
4105
1798530
2684703
11188
2684537
1799983
3506711
2410623
1150919
1799777
1798675
5515
2287
2061
1798212
1799996
1977445
182
2684535
1798511
2684729
1799785
396
1798808
597
12103
1798821
1799967
1798449
2684684
13465
4009
1798788
2410651
2410677
3204069
4104
1798213
2764070
2684292
3108
2684369
2684348
1977411
1799782
1798775
1798643
4889
1799853
1150917
1799863
1983245
187
2684358
1798429
2684629
587167
649
1798469
2684491
6253
2410668
1799836
2684717
1798772
1722158
3666636
1798386
1798624
2170063
495
5031
170
1799986
1800011
9208
1798461
7038
1977453
1311684
2684562
2684351
662
1799810
14841
1799824
1974
3204077
2232
2410723
7029
1964734
2092
1798242
4049
1798806
2410515
609
146
3204081
2410576
1798670
2335
2684314
3684980
1312205
1977437
2684231
2210
1798217
2410561
1798823
6685
1798754
2684646
3204132
1799907
1798382
2658319
692
2684493
11187
2410542
2410752
1798417
563278
2959799
7887
2310
2184
1798689
1312212
1798742
3810159
4068
1798420
3112898
1799720
8638
9189
2684445
128
9754
1798829
2120
1798373
1800006
3644274
6032
3506741
2410596
151
1799944
2410695
345
180
1168116
2684276
150
1798646
2410591
9135
1798966
2109
1799291
2048
2410705
1798710
4897
1798618
947710
2410699
2411
5002
1798301
2684347
1312225
1312204
1799914
2410532
3204117
1799862
1799825
2684273
1799937
1899404
9764
1798399
1798752
2410639
3506702
202428
2351
4714
2190
1966
1798554
1798767
2834699
2684380
2834726
14655
1731729
1312123
1967
342345
1798341
4706
8949
2684354
525
3721687
4811
3248
6611
1798762
8634
1977443
2178
4058
7932
2410534
3112904
1798680
2410525
2834723
3658
3036450
5311
7905
1311695
1798855
1799829
2122
6667
670
1311693
2684630
2174
1798338
1798536
1798660
3506706
3988670
2309
2410602
2684386
4113
6016
9741
12106
1800040
6655
1798262
1798312
12078
2410672
2410586
2410655
1798649
1798659
1800013
5289
1798452
1799864
1799866
1983274
14496
1755483
2684578
1964751
2684681
355
947711
1798187
7917
1798843
1798302
1798786
1964746
1961
1798755
1798818
3204121
2128
1799984
471
1312223
7896
1798261
1799940
2247
4004
1798545
1798961
1799722
132
3112919
4092
12082
1798207
2791067
6381
2410719
1977438
2410671
1798387
1799913
1755453
1798516
2684477
1996
2107
1964768
198
2684235
9454
1798964
2684248
2395
1798926
5326
1798234
2410554
3721686
1798389
2684406
1800010
1798748
1798614
1799931
3721685
1798184
14485
2684266
353
1798222
1798718
2482936
2410558
7909
13338
2410758
341
3506703
2355
3152
1798335
1798682
1977427
1798611
2778
2410698
1536003
1799813
1798159
2170052
1150745
175
1983198
2006
566
1799870
5367
1798383
1798318
1798637
2684661
204
2410531
1799290
1798703
1798812
1797993
2166
344
12060
6008
2684542
1798778
1964770
1977431
9506
2410688
131
1798857
1798462
2367293
5598
2684468
3204146
1311682
2684539
2684509
1798694
3204153
2834721
3684994
9750
1799960
2684471
1984745
1800285
2803
2684196
7284
9920
9071
1983219
5508
1312138
11184
14364
1310624
2410535
14673
14602
2410642
1312221
2684305
451
2410749
2170059
153
2410540
178
2684571
6030
1977409
4825
6026
2792
3685055
8630
1798201
1799294
2684731
2337
2684320
2093
1800050
2684338
603
1800361
2185
3506736
2684728
1798639
1798291
1722157
1415602
1798938
3204088
1311676
4730
2684335
1801920
594679
3684986
2684350
689
1798307
3926086
11969
1798517
3204148
2684555
1798533
550694
3094
660
2684486
2684412
2684513
2161
1798929
2684620
2410549
2684374
1798551
2203
3666634
1799957
2684316
393
2410690
2684568
1800033
5523
7903
590012
972098
2410644
1798483
1798881
1798375
1056667
2410708
1407819
1798361
2684585
1699342
1310524
2684367
2208
5322
3204075
2684466
2410611
2410524
590208
1699347
2410732
2684272
11424
2410606
1798181
2411045
2684685
1964754
1798813
8631
2684312
2684342
950803
1798300
1798620
6251
7106
1798437
2410528
5032
1799895
2684311
3908816
5292
2416
1798241
2684222
2684325
4056
1798527
1798621
1466593
1983253
2684277
1798353
14674
8627
2215
2684755
1798698
3969614
643
2066
5364
561862
947885
1798367
1798944
2684326
736548
1977339
2342
1979
7923
6670
2180
2137
10574
1798198
2129
9425
2410722
702590
8938
1799867
1890720
2684657
1959
2774
1798003
1798409
2800
2684366
1800020
1798737
3244
1798472
1798824
2369
569
1798875
3204092
2418
1798955
1798789
2684271
5370
2684221
2607788
1226252
1964749
1964756
3904203
2684402
81
1311681
3399728
5352
1798568
11182
2101
1798369
3399696
415192
1800024
11615
1798556
1798583
3685071
2005
1964739
1799287
2229
2410519
9172
1798306
2684588
167
1311679
6018
1637894
1798831
1798266
2684638
1798948
4841
3506738
2410605
1799939
1798179
5356
2684518
1799926
971783
2684288
4069
12109
1798379
1798719
2684210
1311312
1798497
1798720
1983280
8611
1799298
1799868
1798510
1976
1798805
172
1310406
1964753
2684659
14491
462680
14363
2401
1798735
2684299
2410587
4013097
1799778
1798005
2684557
14071
2410600
1798471
2228
4871
2410533
1798947
1798692
1798631
595
2684428
3684989
2410734
1799999
1800052
2684448
934826
1798308
2684388
1798645
1799453
947863
7113
1798364
1798524
950295
1798309
1798724
1799839
1798930
1798887
3685012
4474
8613
1798282
2684255
2496583
2410731
947864
1798677
4074
1798612
2684478
2684762
5349
1798354
2410706
4054
1798440
1798816
1983241
1798451
1964759
1150773
4101
4989
2410552
2556
12081
1798514
3506745
1798549
2684262
2684488
2684673
1800041
3594344
1798699
4482
2118
1799964
1798695
947882
3506700
4988
7282
1798700
2834702
2410739
2192
1798946
4111
1964764
1310658
2834687
2684256
1977444
2684280
3506722
2684664
1798435
2684376
2179
2410728
2684371
517
1798797
2684476
1798580
1799855
3904191
8633
2410607
1056666
1798357
1798275
950823
3904195
607738
1899409
2684712
1798239
383300
2410518
2410599
2684193
2684627
1798215
1798427
1798195
2410598
2410574
1799945
8548
1128292
8551
14857
1329337
1798157
2684076
1798428
2684353
3204097
1799941
1798579
2423
2193
1799946
2410579
1798576
3204078
2419349
2684260
4815
1798727
1799933
2789
1798598
4024
2834683
2410543
2153
1798546
2135
2410761
2684220
2684633
1799950
2554
3204136
1799786
164
1798246
3112901
4003
3204133
3399727
1798726
1361504
1964744
1798828
7105
1798366
3638339
1798744
3112908
2111
1799958
2410652
1798289
2219
1799781
2684458
3685007
2684286
1798273
14139
2422
7897
1798359
1798403
2145
2429
3156
6379
194
1798485
1798183
2108
1798226
1798628
15063
3721690
2496581
2149
2094
1798441
1312214
1798495
1798949
1798376
2684643
1798730
2684695
11185
1798492
2410604
2139
2577
2410625
2152
197
1799808
537
10405
2684569
4081
1799809
15279
2684349
2684552
1983190
1799990
611
2410714
2410619
2410757
5005
162
181
2410628
1798321
2195
2410539
2170057
2125
1798653
2491828
1799860
5355
12107
1799952
947887
2170062
2684474
2141
2684722
1798957
1800364
1257577
14839
2684687
2684461
1800060
4010097
1799799
1799827
1798274
1964762
1755451
5613
1798591
1685251
1799961
3093
971779
1171402
1983251
14476
2202
1983
1798678
1798286
3969615
3112924
4012969
1338524
2410592
1983275
2306
1977421
2684324
4089
1981
5006
1312203
1798290
1798339
1755452
1798962
2684306
627
7996
2684548
1798669
2684484
1798528
2684384
3204074
2684609
1311683
1798378
1798481
3653
2684763
1798313
2763904
2170058
293420
1798477
1798715
2684254
1798932
1150775
1800358
3594341
2684426
2684241
191
2684481
3148
1798654
1798575
1799959
3112909
1498197
1799784
1798529
3204066
351
1798505
1311687
1312202
1799723
2175
4013117
1798526
2410703
2235
1798371
3637
1056661
2410696
1798557
2684375
1799942
2684194
1798560
2410567
2297
2410666
1182848
1798590
2684291
3969611
2684133
2684192
196
4483
1312219
3973742
2684253
9415
1310625
1798356
1798322
133
12171
1798542
183
1800017
1464257
2684415
1799289
2684372
3456917
1798842
1798766
2410647
1798424
921208
1798336
1800022
2684417
1798381
1798447
1798803
354
200
2684499
1977410
1798572
1312216
2684297
631
3603
1798882
127
1798235
1799934
3506759
2410541
350
1311061
6895
3506758
6917
2410681
637698
2684604
1798610
2410730
6057
2684528
2684487
14824
615
2684322
1798593
598
12063
2684459
7911
9697
1755457
656
2302
2684425
1798479
14084
2684278
2405
5361
2410572
2684382
12083
592631
1798384
212
2329
2684201
4057
2757
6058
7970
4013096
4996
1798299
1964761
480
14360
2834714
1798609
5306
2167
947734
1535989
11667
1983218
2684340
1798574
2410718
14366
1798248
9748
630
1312218
1361897
1798825
122
1799948
1798160
14142
2684208
7265
1798782
2684381
2684225
2684202
188
1798697
1798230
3721688
2684584
2183
2412
1798648
2684631
1798731
1798219
2410521
1799843
1310379
2684544
3160
3399703
5288
392651
2684699
543
2684257
2684603
9507
1798725
2206
2121
2225
1977441
635
2684207
1798400
1798584
1983273
1798933
2684357
2684658
1798647
1007698
1798728
2684721
1798923
2182
9699
2410715
3204079
1798287
2684258
2410657
5505
1798963
1799807
1798507
4728
1798501
2356
1798777
1798393
1798595
8607
10969
144
2410712
3151
2410726
1798410
1983276
1798332
8609
1312201
3506735
9207
1964771
5325
3908817
1964779
2410634
3157
158
12075
1798186
1799898
562
1964774
2404
2684246
2684453
2684336
14183
1977454
2684313
1798577
1798663
2684680
4481
12093
1977412
1798958
3640
4998
1973
1798358
1798351
2004
2102
2146
2362
2791
1977442
2410838
1798269
4472
6612
15054
2684236
1798438
2684644
1798811
1799969
2684191
5531
1171645
602
1798439
1798642
1977432
2371
3506701
1798672
2143
4022
1798272
2684718
2410564
3158
1798686
1899410
7926
1799841
1311198
2410565
3506732
2410563
2410709
2177
2684485
1800031
1798765
1798774
2294
5318
1407822
1798851
719422
950205
1798713
348
1799892
1798231
2684540
1799797
1798398
736588
14138
1983246
8907
1798374
1799955
221
3831986
581
2344
3112894
2363
1964777
1799818
1311765
2410584
1755495
1799876
2117
12073
1312210
9531
1798633
3926085
2410713
563272
1798704
2410631
2410760
2684345
2684645
1800003
2171
1799300
1964766
3204151
4012968
5341
2411042
2684337
1798512
1798210
1798236
1798750
3644276
655
1798377
5003
9757
1799965
2684404
169
1799821
633
1798841
1799973
906641
1798191
2410683
1977341
1798935
2050
2410526
442082
2410559
2684281
4072
3399710
1798594
2684573
1798849
1936754
1800015
1798691
1798407
3666661
1722159
654
10567
2410601
2684655
1798220
4070
2199547
1798474
1798954
1312215
2684343
1798928
2368
2684265
9210
1799936
1798539
3721691
1800018
1312211
2410568
135
1798443
3204144
7279
1798487
1798562
1798563
2321
3399713
1800057
3685004
3112890
4018
2834719
8868
2410582
1150774
2684275
12537
1798323
1798617
2402391
1799872
1798638
1798635
1797678
1798540
4012972
1800048
2410676
2214
2410597
2301
1798701
2684505
3091
14061
665
2223
628
