1215
1788
1032
1112
2848
1805
1871
13
2452
2886
916
1538
263
898
1680
1972
140
1086
1481
803
2513
1028
2604
1193
1754
697
2562
196
2923
2811
854
2888
347
1686
1293
1441
1694
2617
2012
949
1626
1981
1858
2820
1422
1743
2202
124
2191
299
1758
559
2508
360
202
2274
100
1020
1955
2167
595
1748
2756
1609
2045
1197
1421
876
1379
563
1040
1015
1001
2749
1089
2573
2399
2174
1505
1460
2596
954
2088
1929
1346
1393
383
1108
2510
340
2283
1302
246
2092
2844
2874
2314
1351
1661
2768
1840
2537
255
2566
2276
1068
1681
2603
2658
1445
708
1454
2239
1201
553
1447
603
1527
191
1155
2862
719
1278
807
1852
2728
535
1869
392
2298
2122
846
1700
1735
1103
2896
1509
1173
2624
2808
2335
1679
504
611
789
2127
2643
2992
1721
1802
2725
283
323
684
2388
2529
1321
621
629
1492
1730
164
2743
2947
1125
1378
2694
2684
133
2132
2679
1645
2318
1723
1336
740
206
1090
1767
234
1279
1764
365
420
2647
2356
2841
2004
2957
1504
2634
583
1007
1899
27
2468
1000
2860
1178
1182
1064
1960
1666
2112
1777
1973
1809
1602
2711
762
2455
1886
1288
2918
451
2089
2524
1380
1348
1221
2739
170
878
242
2661
1648
2347
213
2732
1902
2501
2730
2800
1877
2849
1635
1820
1241
11
1036
2595
2353
835
350
968
37
1027
1923
34
2796
1164
2049
716
49
2124
500
2746
2071
1140
589
1005
755
2680
413
233
2847
2245
1373
494
1800
1329
743
2099
351
437
1848
2481
1830
1589
2959
1915
468
2905
396
127
862
2997
2609
713
1261
2843
227
1113
1950
2872
1318
2536
1936
2721
1466
1407
